 
--------------------------------------------------------------------------------
Data for Table Block SRCLIST
--------------------------------------------------------------------------------
 
ROW    NET_COUNTS           RA                   DEC                   SRC

     1      2095.1359863281       201.7172389641       -47.4931732138       13c
     2      1924.9838867188       201.7229844703       -47.4833720681       13a
     3      1088.3260498047       201.5066659122       -47.5515690345       94a
     4       878.2673339844       201.5825258399       -47.4861917939
     5       541.1724853516       201.8036420435       -47.5824811114
     6       387.7404174805       201.5848931962       -47.5007504939       54h
     7       363.8987731934       201.6194135418       -47.4408357581       41d
     8       316.3850097656       201.7030931139       -47.5235584132
     9       272.3982238770       201.6730397173       -47.3710453062
    10       265.6968688965       201.6146572967       -47.5820601866
    11       261.9974060059       201.7469671989       -47.5827087085
    12       260.1453552246       201.5567995878       -47.5781302023
    13       250.2631683350       201.5480036817       -47.5674207996
    14       245.9075317383       201.7294568346       -47.5203622233
    15       229.4972534180       201.7271922258       -47.3679167812
    16       226.1274414062       201.6047598369       -47.5408857378
    17       223.0163116455       201.7066497543       -47.5368151085       43h
    18       215.8768768311       201.8642514443       -47.5255753980
    19       207.3946685791       201.5998416476       -47.6032962225
    20       198.1822814941        201.783347790       -47.3927222228
    21       197.0584106445       201.8942074773       -47.5436272584
    22       194.3579101562       201.8381850601       -47.3898392396
    23       184.8145751953       201.6838362228       -47.5419196488
    24       180.8765258789       201.7195311581       -47.4536388090       22c
    25       172.1589813232       201.6709674224       -47.4603610679       11b
    26       156.7263031006       201.6127685694       -47.5375081948
    27       155.4831390381       201.7989966195       -47.5446514877
    28       147.9228973389       201.5479094324       -47.6188685383
    29       135.6330413818       201.8720932043       -47.4315791908
    30       130.6559143066       201.6707653987       -47.4004953025
    31       128.3028106689       201.7918399796       -47.5556094034
    32       127.5787506104       201.5966386648       -47.3806393283
    33       123.4094924927       201.5453198334       -47.5846037957
    34       121.1168746948       201.6633225264       -47.6086861605
    35       120.5052108765       201.6223824916       -47.4702863103       31a
    36       119.2472610474       201.7352093598       -47.2872337169
    37       118.4079971313       201.5531932415       -47.4031708292
    38       116.1488037109       201.8212565059       -47.4719935366
    39       115.4501190186       201.7188568706       -47.4604744503
    40       113.6871032715       201.5190158372       -47.4614808577
    41       109.1798477173       201.6334671921        -47.414238860
    42       107.5117950439       201.6126088761       -47.5691411783
    43       106.0984802246       201.7128795598       -47.5289886326
    44       105.2401275635       201.6769516609       -47.5524667077       54b
    45       100.4822311401       201.8110710722       -47.5307084486
    46        99.2066421509       201.8681001826       -47.4060060774
    47        97.4422454834       201.7920783905       -47.3577001790
    48        96.0421752930       201.7767385010       -47.4271743175
    49        87.3169326782       201.6559880255       -47.5146721081       34b
    50        84.7288589478       201.5471146173       -47.5997677359
    51        81.7473678589       201.6433392271       -47.4987455632
    52        81.4606399536       201.8472141401       -47.4130033518
    53        81.2722778320       201.5584772422       -47.5055797223
    54        76.9545135498       201.7723106380       -47.4690751519       32f
    55        75.4075622559       201.6509953652       -47.4393688708
    56        73.6138839722       201.8125782287       -47.5921416825
    57        72.8177261353       201.8723189947       -47.6097201794
    58        72.2109680176       201.6601107873       -47.5101173325       24c
    59        71.8684997559       201.7075102601       -47.5299253588
    60        71.0818939209       201.7687568707       -47.5104422710
